1181
1220
2467
6935
9665
8556
6446
8767
1719
1968
7081
4336
8786
7475
8396
1119
6928
9865
2760
4676
5632
5691
4387
2050
2986
2032
1079
6779
7121
1172
9930
1580
1999
1171
6034
8399
1159
5371
8238
2671
7120
9941
1701
4224
1183
4349
2138
2187
9855
9246
9939
1114
9475
1748
9158
9618
1303
1136
1153
6934
9752
5708
2403
2415
1862
6141
1081
3161
9485
3294
1561
3883
1115
1185
9918
2188
2660
3732
6152
7425
4457
3248
6883
1131
1168
8433
6736
1206
2497
2408
1450
3891
8252
1215
2209
7784
1260
1251
1170
7943
1649
5431
1129
1611
1169
1554
1224
4450
2743
1130
1141
3215
2649
1111
3122
9946
1781
9310
4110
3768
9594
7934
3259
1098
1925
6027
6162
3991
6687
3896
1117
7403
2556
1205
9582
5921
1246
1367
7502
6997
7669
9260
2196
2393
6629
6451
1919
2192
1182
1650
8900
8883
1088
2654
7386
8829
1173
3821
1160
7024
6861
1140
4912
4385
8075
9781
2420
1156
4335
1116
1124
1164
9320
1525
1770
8008
5510
8633
1083
1162
7152
1143
7720
2150
1955
9298
1161
7390
1175
1093
8045
1110
4609
2405
8713
2538
3887
2173
3235
2210
2208
1622
5342
1240
2145
8249
2650
4928
2803
2110
3113
2602
6608
8274
8565
3645
5756
5207
5226
4322
1340
4661
1080
5354
5706
5424
1149
2190
6203
2021
1112
1151
6057
1177
2194
8519
6520
4100
1604
1165
1135
9552
2111
5942
1812
1176
7577
7117
2857
1118
2861
8123
3125
9120
9938
9098
6967
2107
1721
9778
9537
2540
6767
4649
1180
2176
4452
2382
6815
1560
1144
8539
2198
3823
2533
5899
2120
2657
6185
6646
1599
4536
9949
1152
5949
7972
8178
7074
1154
1811
8457
3976